Announcement  { ; generated by ifsspell
 0.00000 -0.20000  0.12500  0.00000  0.30000  0.00000  0.06453 
 
 0.00000 -0.20000  0.10000  0.00000  0.90000  0.00000  0.05163 
 0.07500  0.00000  0.00000  0.20000  0.50000  0.80000  0.03872 
 
 0.07500  0.00000  0.00000  0.20000  1.30000  0.00000  0.03872 
 0.00000 -0.20000  0.05000  0.00000  1.90000  0.20000  0.02581 
-0.05000 -0.00000  0.00000 -0.20000  1.70000  0.60000  0.02581 
 0.00000 -0.20000  0.05000  0.00000  1.50000  0.60000  0.02581 
 0.05000  0.00000  0.00000  0.20000  1.50000  0.80000  0.02581 
 
 
 0.02449 -0.20395  0.12258 -0.00000  2.90000  0.00000  0.06453 
 0.02449  0.20395 -0.12258 -0.00000  3.10000  1.00000  0.06453 
 0.02500  0.00000  0.00000  0.15000  3.00000  0.45000  0.00968 
 
 
 0.00000 -0.20000  0.12500  0.00000  4.50000  0.00000  0.06453 
 0.02501  0.25627 -0.03122  0.00000  4.50000  1.00000  0.02065 
-0.02501  0.25627 -0.03122  0.00000  4.70000  0.75000  0.02065 
 0.02501  0.25627 -0.03122  0.00000  4.50000  0.50000  0.02065 
-0.02501  0.25627 -0.03122  0.00000  4.70000  0.25000  0.02065 
 
 0.07500  0.00000  0.00000  0.20000  5.10000  0.80000  0.03872 
-0.07500 -0.00000  0.00000 -0.20000  5.70000  0.20000  0.03872 
 0.00000 -0.20000  0.07500  0.00000  5.30000  0.20000  0.03872 
 0.00000  0.20000 -0.07500  0.00000  5.50000  0.80000  0.03872 
 
 0.00000 -0.20000  0.06250  0.00000  6.40000  0.00000  0.03227 
 0.03753 -0.23333  0.06247  0.00000  6.40000  0.50000  0.03762 
 0.03753  0.23333 -0.06247  0.00000  5.90000  1.00000  0.03762 
 
 0.00000 -0.20000  0.07500  0.00000  7.10000  0.40000  0.03872 
 0.02500  0.00000  0.00000  0.20000  6.90000  0.00000  0.01291 
 
 0.00000 -0.20000  0.07500  0.00000  7.50000  0.40000  0.03872 
 0.02500  0.00000  0.00000  0.20000  7.30000  0.00000  0.01291 
 
 0.00000 -0.20000  0.07500  0.00000  7.90000  0.40000  0.03872 
 0.02500  0.00000  0.00000  0.20000  7.70000  0.00000  0.01291 
 
}
